FLOOR floor_Plane.001 0.0 0.0 0.0 0.0 0.0 0.0 1.0
WALL wall-door.001_1.3 -2.8999996185302734 1.750000238418579 1.399999976158142 0.0 0.0 1.0 -1.6292068494294654e-07
WALL wall-door.001_2.3 -2.8999998569488525 -1.7499995231628418 1.399999976158142 0.0 0.0 1.0 -1.6292068494294654e-07
WALL wall-door.001_3.3 -2.899998903274536 0.0 2.4000000953674316 0.0 0.0 1.0 -1.6292068494294654e-07
WALL wall-normal.001 3.000001907348633 4.768370729379967e-07 1.399999976158142 0.0 0.0 1.0 -1.6292068494294654e-07
WALL wall-window.001_1.4 1.8083757162094116 2.9499990940093994 1.399999976158142 0.0 0.0 0.7071067690849304 0.7071067690849304
WALL wall-window.001_2.4 -1.7083717584609985 2.949998617172241 1.399999976158142 0.0 0.0 0.7071067690849304 -0.7071067690849304
WALL wall-window.001_3.4 0.05000197887420654 2.9499971866607666 2.573535442352295 0.0 0.0 0.7071067690849304 0.7071067690849304
WALL wall-window.001_4.4 0.05000197887420654 2.9499971866607666 0.491604208946228 0.0 0.0 0.7071067690849304 0.7071067690849304
WALL wall-window-double.001_1.7 2.4685046672821045 -2.9499990940093994 1.399999976158142 0.0 0.0 0.7071067690849304 0.7071067690849304
WALL wall-window-double.001_2.7 0.04999995231628418 -2.9499990940093994 1.399999976158142 0.0 0.0 0.7071067690849304 0.7071067690849304
WALL wall-window-double.001_3.7 -2.3685050010681152 -2.9499990940093994 1.399999976158142 0.0 0.0 0.7071067690849304 0.7071067690849304
WALL wall-window-double.001_4.7 -1.2202603816986084 -2.9499990940093994 2.573535442352295 0.0 0.0 0.7071067690849304 0.7071067690849304
WALL wall-window-double.001_5.7 -1.2202603816986084 -2.9499990940093994 0.491604208946228 0.0 0.0 0.7071067690849304 0.7071067690849304
WALL wall-window-double.001_6.7 1.3202598094940186 -2.9499990940093994 2.573535442352295 0.0 0.0 0.7071067690849304 0.7071067690849304
WALL wall-window-double.001_7.7 1.3202598094940186 -2.9499990940093994 0.491604208946228 0.0 0.0 0.7071067690849304 0.7071067690849304
